50
Berlin 3520031 52.516667 13.383333
Hamburg 1787408 53.55 10
Munich 1450381 48.133333 11.566667
Cologne 1060582 50.933333 6.95
Frankfurt 732688 50.116667 8.683333
Stuttgart 623738 48.783333 9.183333
Düsseldorf 612178 51.233333 6.783333
Dortmund 586181 51.516667 7.466667
Essen 582624 51.45 7.016667
Leipzig 560472 51.333333 12.383333
Bremen 557464 53.083333 8.8
Dresden 543825 51.033333 13.733333
Hanover 532163 52.366667 9.716667
Nuremberg 509975 49.45 11.083333
Duisburg 491231 51.433333 6.766667
Bochum 364742 51.483333 7.216667
Wuppertal 350046 51.266667 7.183333
Bielefeld 333090 52.016667 8.533333
Bonn 318809 50.733333 7.1
Münster 310039 51.966667 7.633333
Karlsruhe 307755 49 8.4
Mannheim 305780 49.483333 8.466667
Augsburg 286374 48.366667 10.9
Wiesbaden 276218 50.083333 8.233333
Gelsenkirchen 260368 51.516667 7.1
Mönchengladbach 259996 51.2, 6.433333
Braunschweig 251364 52.266667 10.516667
Chemnitz 248645 50.833333 12.916667
Kiel 246306 54.333333 10.133333
Aachen 245885 50.783333 6.083333
Halle 236991 51.483333 11.966667
Magdeburg 235723 52.133333 11.616667
Freiburg 226393 47.983333 7.85
Krefeld 225144 51.333333 6.566667
Lübeck 216253 53.866667 10.683333
Oberhausen 210934 51.466667 6.85
Erfurt 210118 50.983333 11.033333
Mainz 209779 50 8.266667
Rostock 206011 54.083333 12.133333
Kassel 197984 51.316667 9.5
Hagen 189044 51.366667 7.483333
Hamm 179397 51.683333 7.816667
Saarbrücken 178151 49.233333 7
Mülheim 169278 51.433333 6.883333
Potsdam 167745 52.4 13.066667
Ludwigshafen 164718 49.483333 8.433333
Oldenburg 163830 53.133333 8.216667
Leverkusen 163487 51.033333 6.983333
Osnabrück 162403 52.283333 8.05
Solingen 158726 51.166667 7.083333